camera:
  fovy: 30.0
  position: [1.1487395261676667,-0.324271485442182,1.0268790810616117]
  lookat: [-42.92895065482805,-32.67156564843721,-18.723725570334892]
  up: [0.6437328837528422, -0.7215645820362587, -0.2548578590628296]
  aperture: 0.01
  dist_to_focus: 1.0 
data_file: "../tensor.csv" #Path relative to executable
