camera:
  fovy: 30.0
  position: [-65.9574592657243, -8.21046136967615, -10.517543454907116]
  lookat: [51.13292088508601, 29.513657891715596, 31.098266502981975]
  up: [0.2509214607677066, 0.2521724967708928, -0.9345841066477294]
  aperture: 0.0
  dist_to_focus: 4.0 
#data_file: "../dt-helixExclusion.csv" #Path relative to executable
data_file: "../dt-helixExclusion_processed.csv" #Path relative to executable
data_scale: 1.0 # Is this it? CameraParallelScale=33.84723543631
light_dir: [0.0, 0.0, 1.0]
